0
0
0
0
0
0
0
0
0
0
0
0
0
0
0
0
0
0
0
0
29
687
676
711
683
695
762
738
790
779
863
985
1045
1224
1288
1363
1400
1326
1262
1109
1052
982
875
870
801
742
773
807
803
761
803
787
786
804
811
803
785
869
885
845
860
808
904
861
907
865
904
918
926
928
947
952
981
969
1009
1050
1066
1113
1095
1134
1115
1165
1112
1072
1118
1074
1025
1110
1059
1019
1035
976
957
985
871
959
942
856
860
829
858
827
798
807
773
796
798
834
782
754
760
716
754
772
707
694
713
697
729
693
739
734
653
662
670
663
614
624
631
613
615
623
593
587
562
605
617
563
627
566
571
586
526
578
562
556
522
533
557
544
552
568
580
587
570
526
549
555
533
557
556
573
530
514
546
566
582
592
556
527
557
512
588
527
535
537
500
502
550
467
495
486
487
483
481
430
459
426
380
389
369
339
337
305
312
310
265
258
244
227
188
230
203
174
184
186
127
171
164
149
149
151
156
134
142
124
121
145
121
137
153
117
123
138
133
147
162
169
180
181
185
222
239
241
276
325
324
351
337
436
477
513
521
643
656
736
763
747
835
911
976
1010
1072
1128
1153
1166
1169
1218
1178
1202
1239
1210
1192
1186
1141
1067
1026
952
891
817
783
684
635
577
479
435
390
306
274
210
191
141
135
110
77
69
47
43
33
14
20
18
10
9
7
7
12
3
10
5
0
6
5
2
5
3
7
4
3
5
3
5
2
2
4
4
3
4
6
6
4
1
2
6
3
3
2
7
2
2
3
1
2
2
3
1
1
1
3
7
5
1
4
2
1
0
1
1
1
4
4
4
2
3
5
7
2
3
2
1
2
3
0
1
2
1
1
3
4
2
4
2
0
2
1
2
1
0
8
0
2
2
2
0
1
0
1
1
1
5
1
3
3
2
3
0
3
1
3
0
2
0
2
0
1
3
2
1
1
2
0
3
1
0
1
0
2
4
1
0
1
2
2
3
0
1
1
0
1
0
0
2
0
1
0
4
0
2
1
1
0
1
0
0
0
0
0
2
2
0
0
1
1
1
1
0
0
0
0
0
2
0
0
2
1
2
0
0
1
2
0
1
1
0
2
0
0
0
1
0
0
0
0
0
0
1
2
0
0
0
0
1
0
1
0
0
0
0
0
0
0
0
0
0
0
0
0
0
2
2
1
2
1
2
1
1
0
0
0
0
1
1
0
1
0
0
1
0
1
1
0
0
0
1
0
0
0
0
1
0
0
1
1
0
0
0
0
0
1
0
0
0
0
1
0
0
0
0
0
0
1
0
0
0
1
0
0
0
0
0
1
0
0
0
0
0
0
0
1
0
0
0
0
0
1
1
0
0
1
0
0
0
0
0
0
1
0
0
0
0
1
1
0
0
0
0
0
0
0
0
0
0
0
1
0
0
0
0
0
0
0
0
0
0
0
0
0
0
0
0
0
0
0
0
0
0
0
0
0
1
1
0
0
0
0
0
0
0
0
0
0
0
0
1
0
1
0
1
0
0
0
0
0
1
0
0
0
0
0
0
0
0
0
0
1
0
0
0
1
0
0
0
0
0
0
0
0
0
0
0
0
0
0
0
0
0
0
0
0
0
0
0
0
0
0
0
0
0
0
0
0
0
0
0
0
0
0
0
0
0
0
0
1
0
1
0
0
0
0
0
0
0
0
0
0
0
0
0
0
0
0
0
0
0
0
0
0
1
0
0
0
0
1
1
0
0
0
0
0
0
0
0
0
0
0
0
0
0
0
0
0
1
0
0
0
0
0
0
0
0
0
0
0
0
0
0
0
0
0
0
0
0
0
0
0
0
0
0
0
0
0
0
0
0
0
0
0
0
0
0
0
0
0
0
0
0
0
0
0
0
0
0
0
0
0
0
0
0
0
0
0
0
0
0
0
0
0
0
0
0
0
0
0
0
0
0
0
0
0
0
0
0
0
0
0
0
0
0
0
0
0
0
0
0
0
0
0
0
0
0
0
0
0
0
0
0
0
0
0
0
0
0
0
0
0
0
0
0
0
0
0
0
0
0
0
0
0
0
0
0
0
0
0
1
0
0
0
0
0
0
0
0
0
0
0
0
0
0
0
0
0
0
0
0
0
0
0
0
0
0
0
0
0
0
0
0
0
0
0
0
1
0
0
0
0
0
0
0
0
0
0
0
0
0
0
0
0
0
0
0
0
0
0
0
0
0
0
1
0
0
0
0
0
0
0
0
0
0
0
0
0
0
0
0
0
0
0
0
0
0
0
1
0
0
0
0
1
0
0
0
0
0
0
0
0
0
0
0
0
0
0
0
0
0
0
0
0
0
0
0
0
0
0
0
